#Hadouken

	action1 = [0, 0, 0, 0, 0, 1, 0, 0, 0, 0, 0, 0]
	action2 = [0, 0, 0, 0, 0, 1, 0, 1, 0, 0, 0, 0]
	action3 = [0, 0, 0, 0, 0, 0, 0, 1, 0, 0, 0, 1]
	action4 = [0, 0, 0, 0, 0, 0, 0, 0, 0, 0, 0, 0]

#Shoryuken

	action1 = [0, 0, 0, 0, 0, 0, 0, 1, 0, 0, 0, 0]
	action3 = [0, 0, 0, 0, 0, 1, 0, 0, 0, 0, 0, 0]
	action2 = [0, 0, 0, 0, 0, 1, 0, 1, 0, 0, 0, 1]
	action4 = [0, 0, 0, 0, 0, 0, 0, 0, 0, 0, 0, 0]

#Tatsu

	action1 = [0, 0, 0, 0, 0, 1, 0, 0, 0, 0, 0, 0]
	action2 = [0, 0, 0, 0, 0, 1, 1, 0, 0, 0, 0, 0]
	action3 = [1, 0, 0, 0, 0, 0, 1, 0, 0, 0, 0, 0]
	action4 = [0, 0, 0, 0, 0, 0, 0, 0, 0, 0, 0, 0]